20240315
20240314
20240313
20240312
20240311
20240310
20240309
20240308
20240307
20240306
20240305
20240304
20240303
20240302
20240301
20240229
20240228
20240227
20240226
20240225
20240224
20240223
20240222
20240221
20240220
20240219
20240218
20240217
20240216
20240215
20240214
20240213
20240212
20240211
20240210
20240209
20240208
20240207
20240206
20240205
20240204
20240203
20240202
20240201
20240131
20240130
20240129
20240128
20240127
20240126
20240125
20240124
20240123
20240122
20240121
20240120
20240119
20240118
20240117
20240116
20240115
20240114
20240113
20240112
20240111
20240110
20240109
20240108
20240107
20240106
20240105
20240104
20240103
20240102
20240101
20231231
20231230
20231229
20231228
20231227
20231226
20231225
20231224
20231223
20231222
20231221
20231220
20231219
20231218
20231217
20231216
20231215
20231214
20231213
20231212
20231211
20231210
20231209
20231208
20231207
20231206
20231205
20231204
20231203
20231202
20231201
20231130
20231129
20231128
20231127
20231126
20231125
20231124
20231123
20231122
20231121
20231120
20231119
20231118
20231117
20231116
20231115
20231114
20231113
20231112
20231111
20231110
20231109
20231108
20231107
20231106
20231105
20231104
20231103
20231102
20231101
20231031
20231030
20231029
20231028
20231027
20231026
20231025
20231024
20231023
20231022
20231021
20231020
20231019
20231018
20231017
20231016
20231015
20231014
20231013
20231012
20231011
20231010
20231009
20231008
20231007
20231006
20231005
20231004
20231003
20231002
20231001
20230930
20230929
20230928
20230927
20230926
20230925
20230924
20230923
20230922
20230921
20230920
20230919
20230918
20230917
20230916
20230915
20230914
20230913
20230912
20230911
20230910
20230909
20230908
20230907
20230906
20230905
20230904
20230903
20230902
20230901
20230831
20230830
20230829
20230828
20230827
20230826
20230825
20230824
20230823
20230822
20230821
20230820
20230819
20230818
20230817
20230816
20230815
20230814
20230813
20230812
20230811
20230810
20230809
20230808
20230807
20230806
20230805
20230804
20230803
20230802
20230801
20230731
20230730
20230729
20230728
20230727
20230726
20230725
20230724
20230723
20230722
20230721
20230720
20230719
20230718
20230717
20230716
20230715
20230714
20230713
20230712
20230711
20230710
20230709
20230708
20230707
20230706
20230705
20230704
20230703
20230702
20230701
20230630
20230629
20230628
20230627
20230626
20230625
20230624
20230623
20230622
20230621
20230620
20230619
20230618
20230617
20230616
20230615
20230614
20230613
20230612
20230611
20230610
20230609
20230608
20230607
20230606
20230605
20230604
20230603
20230602
20230601
20230531
20230530
20230529
20230528
20230527
20230526
20230525
20230524
20230523
20230522
20230521
20230520
20230519
20230518
20230517
20230516
20230515
20230514
20230513
20230512
20230511
20230510
20230509
20230508
20230507
20230506
20230505
20230504
20230503
20230502
20230501
20230430
20230429
20230428
20230427
20230426
20230425
20230424
20230423
20230422
20230421
20230420
20230419
20230418
20230417
20230416
20230415
20230414
20230413
20230412
20230411
20230410
20230409
20230408
20230407
20230406
20230405
20230404
20230403
20230402
20230401
20230331
20230330
20230329
20230328
20230327
20230326
20230325
20230324
20230323
20230322
20230321
20230320
20230319
20230318
20230317
20230316
20230315
20230314
20230313
20230312
20230311
20230310
20230309
20230308
20230307
20230306
20230305
20230304
20230303
20230302
20230301
20230228
20230227
20230226
20230225
20230224
20230223
20230222
20230221
20230220
20230219
20230218
20230217
20230216
20230215
20230214
20230213
20230212
20230211
20230210
20230209
20230208
20230207
20230206
20230205
20230204
20230203
20230202
20230201
20230131
20230130
20230129
20230128
20230127
20230126
20230125
20230124
20230123
20230122
20230121
20230120
20230119
20230118
20230117
20230116
20230115
20230114
20230113
20230112
20230111
20230110
20230109
20230108
20230107
20230106
20230105
20230104
20230103
20230102
20230101
20221231
20221230
20221229
20221228
20221227
20221226
20221225
20221224
20221223
20221222
20221221
20221220
20221219
20221218
20221217
20221216
20221215
20221214
20221213
20221212
20221211
20221210
20221209
20221208
20221207
20221206
20221205
20221204
20221203
20221202
20221201
20221130
20221129
20221128
20221127
20221126
20221125
20221124
20221123
20221122
20221121
20221120
20221119
20221118
20221117
20221116
20221115
20221114
20221113
20221112
20221111
20221110
20221109
20221108
20221107
20221106
20221105
20221104
20221103
20221102
20221101
20221031
20221030
20221029
20221028
20221027
20221026
20221025
20221024
20221023
20221022
20221021
20221020
20221019
20221018
20221017
20221016
20221015
20221014
20221013
20221012
20221011
20221010
20221009
20221008
20221007
20221006
20221005
20221004
20221003
20221002
20221001
20220930
20220929
20220928
20220927
20220926
20220925
20220924
20220923
20220922
20220921
20220920
20220919
20220918
20220917
20220916
20220915
20220914
20220913
20220912
20220911
20220910
20220909
20220908
20220907
20220906
20220905
20220904
20220903
20220902
20220901
20220831
20220830
20220829
20220828
20220827
20220826
20220825
20220824
20220823
20220822
20220821
20220820
20220819
20220818
20220817
20220816
20220815
20220814
20220813
20220812
20220811
20220810
20220809
20220808
20220807
20220806
20220805
20220804
20220803
20220802
20220801
20220731
20220730
20220729
20220728
20220727
20220726
20220725
20220724
20220723
20220722
20220721
20220720
20220719
20220718
20220717
20220716
20220715
20220714
20220713
20220712
20220711
20220710
20220709
20220708
20220707
20220706
20220705
20220704
20220703
20220702
20220701
20220630
20220629
20220628
20220627
20220626
20220625
20220624
20220623
20220622
20220621
20220620
20220619
20220618
20220617
20220616
20220615
20220614
20220613
20220612
20220611
20220610
20220609
20220608
20220607
20220606
20220605
20220604
20220603
20220602
20220601
20220531
20220530
20220529
20220528
20220527
20220526
20220525
20220524
20220523
20220522
20220521
20220520
20220519
20220518
20220517
20220516
20220515
20220514
20220513
20220512
20220511
20220510
20220509
20220508
20220507
20220506
20220505
20220504
20220503
20220502
20220501
20220430
20220429
20220428
20220427
20220426
20220425
20220424
20220423
20220422
20220421
20220420
20220419
20220418
20220417
20220416
20220415
20220414
20220413
20220412
20220411
20220410
20220409
20220408
20220407
20220406
20220405
20220404
20220403
20220402
20220401
20220331
20220330
20220329
20220328
20220327
20220326
20220325
20220324
20220323
20220322
20220321
20220320
20220319
20220318
20220317
20220316
20220315
20220314
20220313
20220312
20220311
20220310
20220309
20220308
20220307
20220306
20220305
20220304
20220303
20220302
20220301
20220228
20220227
20220226
20220225
20220224
20220223
20220222
20220221
20220220
20220219
20220218
20220217
20220216
20220215
20220214
20220213
20220212
20220211
20220210
20220209
20220208
20220207
20220206
20220205
20220204
20220203
20220202
20220201
20220131
20220130
20220129
20220128
20220127
20220126
20220125
20220124
20220123
20220122
20220121
20220120
20220119
20220118
20220117
20220116
20220115
20220114
20220113
20220112
20220111
20220110
20220109
20220108
20220107
20220106
20220105
20220104
20220103
20220102
20220101
20211231
20211230
20211229
20211228
20211227
20211226
20211225
20211224
20211223
20211222
20211221
20211220
20211219
20211218
20211217
20211216
20211215
20211214
20211213
20211212
20211211
20211210
20211209
20211208
20211207
20211206
20211205
20211204
20211203
20211202
20211201
20211130
20211129
20211128
20211127
20211126
20211125
20211124
20211123
20211122
20211121
20211120
20211119
20211118
20211117
20211116
20211115
20211114
20211113
20211112
20211111
20211110
20211109
20211108
20211107
20211106
20211105
20211104
20211103
20211102
20211101
20211031
20211030
20211029
20211028
20211027
20211026
20211025
20211024
20211023
20211022
20211021
20211020
20211019
20211018
20211017
20211016
20211015
20211014
20211013
20211012
20211011
20211010
20211009
20211008
20211007
20211006
20211005
20211004
20211003
20211002
20211001
20210930
20210929
20210928
20210927
20210926
20210925
20210924
20210923
20210922
20210921
20210920
20210919
20210918
20210917
20210916
20210915
20210914
20210913
20210912
20210911
20210910
20210909
20210908
20210907
20210906
20210905
20210904
20210903
20210902
20210901
20210831
20210830
20210829
20210828
20210827
20210826
20210825
20210824
20210823
20210822
20210821
20210820
20210819
20210818
20210817
20210816
20210815
20210814
20210813
20210812
20210811
20210810
20210809
20210808
20210807
20210806
20210805
20210804
20210803
20210802
20210801
20210731
20210730
20210729
20210728
20210727
20210726
20210725
20210724
20210723
20210722
20210721
20210720
20210719
20210718
20210717
20210716
20210715
20210714
20210713
20210712
20210711
20210710
20210709
20210708
20210707
20210706
20210705
20210704
20210703
20210702
20210701
20210630
20210629
20210628
20210627
20210626
20210625
20210624
20210623
20210622
20210621
20210620
20210619
20210618
20210617
20210616
20210615
20210614
20210613
20210612
20210611
20210610
20210609
20210608
20210607
20210606
20210605
20210604
20210603
20210602
20210601
20210531
20210530
20210529
20210528
20210527
20210526
20210525
20210524
20210523
20210522
20210521
20210520
20210519
20210518
20210517
20210516
20210515
20210514
20210513
20210512
20210511
20210510
20210509
20210508
20210507
20210506
20210505
20210504
20210503
20210502
20210501
20210430
20210429
20210428
20210427
20210426
20210425
20210424
20210423
20210422
20210421
20210420
20210419
20210418
20210417
20210416
20210415
20210414
20210413
20210412
20210411
20210410
20210409
20210408
20210407
20210406
20210405
20210404
20210403
20210402
20210401
20210331
20210330
20210329
20210328
20210327
20210326
20210325
20210324
20210323
20210322
20210321
20210320
20210319
20210318
20210317
20210316
20210315
20210314
20210313
20210312
20210311
20210310
20210309
20210308
20210307
20210306
20210305
20210304
20210303
20210302
20210301
20210228
20210227
20210226
20210225
20210224
20210223
20210222
20210221
20210220
20210219
20210218
20210217
20210216
20210215
20210214
20210213
20210212
20210211
20210210
20210209
20210208
20210207
20210206
20210205
20210204
20210203
20210202
20210201
20210131
20210130
20210129
20210128
20210127
20210126
20210125
20210124
20210123
20210122
20210121
20210120
20210119
20210118
20210117
20210116
20210115
20210114
20210113
20210112
20210111
20210110
20210109
20210108
20210107
20210106
20210105
20210104
20210103
20210102
20210101
20201231
20201230
20201229
20201228
20201227
20201226
20201225
20201224
20201223
20201222
20201221
20201220
20201219
20201218
20201217
20201216
20201215
20201214
20201213
20201212
20201211
20201210
20201209
20201208
20201207
20201206
20201205
20201204
20201203
20201202
20201201
20201130
20201129
20201128
20201127
20201126
20201125
20201124
20201123
20201122
20201121
20201120
20201119
20201118
20201117
20201116
20201115
20201114
20201113
20201112
20201111
20201110
20201109
20201108
20201107
20201106
20201105
20201104
20201103
20201102
20201101
20201031
20201030
20201029
20201028
20201027
20201026
20201025
20201024
20201023
20201022
20201021
20201020
20201019
20201018
20201017
20201016
20201015
20201014
20201013
20201012
20201011
20201010
20201009
20201008
20201007
20201006
20201005
20201004
20201003
20201002
20201001
20200930
20200929
20200928
20200927
20200926
20200925
20200924
20200923
20200922
20200921
20200920
20200919
20200918
20200917
20200916
20200915
20200914
20200913
20200912
20200911
20200910
20200909
20200908
20200907
20200906
20200905
20200904
20200903
20200902
20200901
20200831
20200830
20200829
20200828
20200827
20200826
20200825
20200824
20200823
20200822
20200821
20200820
20200819
20200818
20200817
20200816
20200815
20200814
20200813
20200812
20200811
20200810
20200809
20200808
20200807
20200806
20200805
20200804
20200803
20200802
20200801
20200731
20200730
20200729
20200728
20200727
20200726
20200725
20200724
20200723
20200722
20200721
20200720
20200719
20200718
20200717
20200716
20200715
20200714
20200713
20200712
20200711
20200710
20200709
20200708
20200707
20200706
20200705
20200704
20200703
20200702
20200701
20200630
20200629
20200628
20200627
20200626
20200625
20200624
20200623
20200622
20200621
20200620
20200619
20200618
20200617
20200616
20200615
20200614
20200613
20200612
20200611
20200610
20200609
20200608
20200607
20200606
20200605
20200604
20200603
20200602
20200601
20200531
20200530
20200529
20200528
20200527
20200526
20200525
20200524
20200523
20200522
20200521
20200520
20200519
20200518
20200517
20200516
20200515
20200514
20200513
20200512
20200511
20200510
20200509
20200508
20200507
20200506
20200505
20200504
20200503
20200502
20200501
20200430
20200429
20200428
20200427
20200426
20200425
20200424
20200423
20200422
20200421
20200420
20200419
20200418
20200417
20200416
20200415
20200414
20200413
20200412
20200411
20200410
20200409
20200408
20200407
20200406
20200405
20200404
20200403
20200402
20200401
20200331
20200330
20200329
20200328
20200327
20200326
20200325
20200324
20200323
20200322
20200321
20200320
20200319
20200318
20200317
20200316
20200315
20200314
20200313
20200312
20200311
20200310
20200309
20200308
20200307
20200306
20200305
20200304
20200303
20200302
20200301
20200229
20200228
20200227
20200226
20200225
20200224
20200223
20200222
20200221
20200220
20200219
20200218
20200217
20200216
20200215
20200214
20200213
20200212
20200211
20200210
20200209
20200208
20200207
20200206
20200205
20200204
20200203
20200202
20200201
20200131
20200130
20200129
20200128
20200127
20200126
20200125
20200124
20200123
20200122
20200121
20200120
20200119
20200118
20200117
20200116
20200115
20200114
20200113
20200112
20200111
20200110
20200109
20200108
20200107
20200106
20200105
20200104
20200103
20200102
20200101
20191231
20191230
20191229
20191228
20191227
20191226
20191225
20191224
20191223
20191222
20191221
20191220
20191219
20191218
20191217
20191216
20191215
20191214
20191213
20191212
20191211
20191210
20191209
20191208
20191207
20191206
20191205
20191204
20191203
20191202
20191201
20191130
20191129
20191128
20191127
20191126
20191125
20191124
20191123
20191122
20191121
20191120
20191119
20191118
20191117
20191116
20191115
20191114
20191113
20191112
20191111
20191110
20191109
20191108
20191107
20191106
20191105
20191104
20191103
20191102
20191101
20191031
20191030
20191029
20191028
20191027
20191026
20191025
20191024
20191023
20191022
20191021
20191020
20191019
20191018
20191017
20191016
20191015
20191014
20191013
20191012
20191011
20191010
20191009
20191008
20191007
20191006
20191005
20191004
20191003
20191002
20191001
20190930
20190929
20190928
20190927
20190926
20190925
20190924
20190923
20190922
20190921
20190920
20190919
20190918
20190917
20190916
20190915
20190914
20190913
20190912
20190911
20190910
20190909
20190908
20190907
20190906
20190905
20190904
20190903
20190902
20190901
20190831
20190830
20190829
20190828
20190827
20190826
20190825
20190824
20190823
20190822
20190821
20190820
20190819
20190818
20190817
20190816
20190815
20190814
20190813
20190812
20190811
20190810
20190809
20190808
20190807
20190806
20190805
20190804
20190803
20190802
20190801
20190731
20190730
20190729
20190728
20190727
20190726
20190725
20190724
20190723
20190722
20190721
20190720
20190719
20190718
20190717
20190716
20190715
20190714
20190713
20190712
20190711
20190710
20190709
20190708
20190707
20190706
20190705
20190704
20190703
20190702
20190701
20190630
20190629
20190628
20190627
20190626
20190625
20190624
20190623
20190622
20190621
20190620
20190619
20190618
20190617
20190616
20190615
20190614
20190613
20190612
20190611
20190610
20190609
20190608
20190607
20190606
20190605
20190604
20190603
20190602
20190601
20190531
20190530
20190529
20190528
20190527
20190526
20190525
20190524
20190523
20190522
20190521
20190520
20190519
20190518
20190517
20190516
20190515
20190514
20190513
20190512
20190511
20190510
20190509
20190508
20190507
20190506
20190505
20190504
20190503
20190502
20190501
20190430
20190429
20190428
20190427
20190426
20190425
20190424
20190423
20190422
20190421
20190420
20190419
20190418
20190417
20190416
20190415
20190414
20190413
20190412
20190411
20190410
20190409
20190408
20190407
20190406
20190405
20190404
20190403
20190402
20190401
20190331
20190330
20190329
20190328
20190327
20190326
20190325
20190324
20190323
20190322
20190321
20190320
20190319
20190318
20190317
20190316
20190315
20190314
20190313
20190312
20190311
20190310
20190309
20190308
20190307
20190306
20190305
20190304
20190303
20190302
20190301
20190228
20190227
20190226
20190225
20190224
20190223
20190222
20190221
20190220
20190219
20190218
20190217
20190216
20190215
20190214
20190213
20190212
20190211
20190210
20190209
20190208
20190207
20190206
20190205
20190204
20190203
20190202
20190201
20190131
20190130
20190129
20190128
20190127
20190126
20190125
20190124
20190123
20190122
20190121
20190120
20190119
20190118
20190117
20190116
20190115
20190114
20190113
20190112
20190111
20190110
20190109
20190108
20190107
20190106
20190105
20190104
20190103
20190102
20190101
20181231
20181230
20181229
20181228
20181227
20181226
20181225
20181224
20181223
20181222
20181221
20181220
20181219
20181218
20181217
20181216
20181215
20181214
20181213
20181212
20181211
20181210
20181209
20181208
20181207
20181206
20181205
20181204
20181203
20181202
20181201
20181130
20181129
20181128
20181127
20181126
20181125
20181124
20181123
20181122
20181121
20181120
20181119
20181118
20181117
20181116
20181115
20181114
20181113
20181112
20181111
20181110
20181109
20181108
20181107
20181106
20181105
20181104
20181103
20181102
20181101
20181031
20181030
20181029
20181028
20181027
20181026
20181025
20181024
20181023
20181022
20181021
20181020
20181019
20181018
20181017
20181016
20181015
20181014
20181013
20181012
20181011
20181010
20181009
20181008
20181007
20181006
20181005
20181004
20181003
20181002
20181001
20180930
20180929
20180928
20180927
20180926
20180925
20180924
20180923
20180922
20180921
20180920
20180919
20180918
20180917
20180916
20180915
20180914
20180913
20180912
20180911
20180910
20180909
20180908
20180907
20180906
20180905
20180904
20180903
20180902
20180901
20180831
20180830
20180829
20180828
20180827
20180826
20180825
20180824
20180823
20180822
20180821
20180820
20180819
20180818
20180817
20180816
20180815
20180814
20180813
20180812
20180811
20180810
20180809
20180808
20180807
20180806
20180805
20180804
20180803
20180802
20180801
20180731
20180730
20180729
20180728
20180727
20180726
20180725
20180724
20180723
20180722
20180721
20180720
20180719
20180718
20180717
20180716
20180715
20180714
20180713
20180712
20180711
20180710
20180709
20180708
20180707
20180706
20180705
20180704
20180703
20180702
20180701
20180630
20180629
20180628
20180627
20180626
20180625
20180624
20180623
20180622
20180621
20180620
20180619
20180618
20180617
20180616
20180615
20180614
20180613
20180612
20180611
20180610
20180609
20180608
20180607
20180606
20180605
20180604
20180603
20180602
20180601
20180531
20180530
20180529
20180528
20180527
20180526
20180525
20180524
20180523
20180522
20180521
20180520
20180519
20180518
20180517
20180516
20180515
20180514
20180513
20180512
20180511
20180510
20180509
20180508
20180507
20180506
20180505
20180504
20180503
20180502
20180501
20180430
20180429
20180428
20180427
20180426
20180425
20180424
20180423
20180422
20180421
20180420
20180419
20180418
20180417
20180416
20180415
20180414
20180413
20180412
20180411
20180410
20180409
20180408
20180407
20180406
20180405
20180404
20180403
20180402
20180401
20180331
20180330
20180329
20180328
20180327
20180326
20180325
20180324
20180323
20180322
20180321
20180320
20180319
20180318
20180317
20180316
20180315
20180314
20180313
20180312
20180311
20180310
20180309
20180308
20180307
20180306
20180305
20180304
20180303
20180302
20180301
20180228
20180227
20180226
20180225
20180224
20180223
20180222
20180221
20180220
20180219
20180218
20180217
20180216
20180215
20180214
20180213
20180212
20180211
20180210
20180209
20180208
20180207
20180206
20180205
20180204
20180203
20180202
20180201
20180131
20180130
20180129
20180128
20180127
20180126
20180125
20180124
20180123
20180122
20180121
20180120
20180119
20180118
20180117
20180116
20180115
20180114
20180113
20180112
20180111
20180110
20180109
20180108
20180107
20180106
20180105
20180104
20180103
20180102
20180101
20171231
20171230
20171229
20171228
20171227
20171226
20171225
20171224
20171223
20171222
20171221
20171220
20171219
20171218
20171217
20171216
20171215
20171214
20171213
20171212
20171211
20171210
20171209
20171208
20171207
20171206
20171205
20171204
20171203
20171202
20171201
20171130
20171129
20171128
20171127
20171126
20171125
20171124
20171123
20171122
20171121
20171120
20171119
20171118
20171117
20171116
20171115
20171114
20171113
20171112
20171111
20171110
20171109
20171108
20171107
20171106
20171105
20171104
20171103
20171102
20171101
20171031
20171030
20171029
20171028
20171027
20171026
20171025
20171024
20171023
20171022
20171021
20171020
20171019
20171018
20171017
20171016
20171015
20171014
20171013
20171012
20171011
20171010
20171009
20171008
20171007
20171006
20171005
20171004
20171003
20171002
20171001
20170930
20170929
20170928
20170927
20170926
20170925
20170924
20170923
20170922
20170921
20170920
20170919
20170918
20170917
20170916
20170915
20170914
20170913
20170912
20170911
20170910
20170909
20170908
20170907
20170906
20170905
20170904
20170903
20170902
20170901
20170831
20170830
20170829
20170828
20170827
20170826
20170825
20170824
20170823
20170822
20170821
20170820
20170819
20170818
20170817
20170816
20170815
20170814
20170813
20170812
20170811
20170810
20170809
20170808
20170807
20170806
20170805
20170804
20170803
20170802
20170801
20170731
20170730
20170729
20170728
20170727
20170726
20170725
20170724
20170723
20170722
20170721
20170720
20170719
20170718
20170717
20170716
20170715
20170714
20170713
20170712
20170711
20170710
20170709
20170708
20170707
20170706
20170705
20170704
20170703
20170702
20170701
20170630
20170629
20170628
20170627
20170626
20170625
20170624
20170623
20170622
20170621
20170620
20170619
20170618
20170617
20170616
20170615
20170614
20170613
20170612
20170611
20170610
20170609
20170608
20170607
20170606
20170605
20170604
20170603
20170602
20170601
20170531
20170530
20170529
20170528
20170527
20170526
20170525
20170524
20170523
20170522
20170521
20170520
20170519
20170518
20170517
20170516
20170515
20170514
20170513
20170512
20170511
20170510
20170509
20170508
20170507
20170506
20170505
20170504
20170503
20170502
20170501
20170430
20170429
20170428
20170427
20170426
20170425
20170424
20170423
20170422
20170421
20170420
20170419
20170418
20170417
20170416
20170415
20170414
20170413
20170412
20170411
20170410
20170409
20170408
20170407
20170406
20170405
20170404
20170403
20170402
20170401
20170331
20170330
20170329
20170328
20170327
20170326
20170325
20170324
20170323
20170322
20170321
20170320
20170319
20170318
20170317
20170316
20170315
20170314
20170313
20170312
20170311
20170310
20170309
20170308
20170307
20170306
20170305
20170304
20170303
20170302
20170301
20170228
20170227
20170226
20170225
20170224
20170223
20170222
20170221
20170220
20170219
20170218
20170217
20170216
20170215
20170214
20170213
20170212
20170211
20170210
20170209
20170208
20170207
20170206
20170205
20170204
20170203
20170202
20170201
20170131
20170130
20170129
20170128
20170127
20170126
20170125
20170124
20170123
20170122
20170121
20170120
20170119
20170118
20170117
20170116
20170115
20170114
20170113
20170112
20170111
20170110
20170109
20170108
20170107
20170106
20170105
20170104
20170103
20170102
20170101
20161231
20161230
20161229
20161228
20161227
20161226
20161225
20161224
20161223
20161222
20161221
20161220
20161219
20161218
20161217
20161216
20161215
20161214
20161213
20161212
20161211
20161210
20161209
20161208
20161207
20161206
20161205
20161204
20161203
20161202
20161201
20161130
20161129
20161128
20161127
20161126
20161125
20161124
20161123
20161122
20161121
20161120
20161119
20161118
20161117
20161116
20161115
20161114
20161113
20161112
20161111
20161110
20161109
20161108
20161107
20161106
20161105
20161104
20161103
20161102
20161101
20161031
20161030
20161029
20161028
20161027
20161026
20161025
20161024
20161023
20161022
20161021
20161020
20161019
20161018
20161017
20161016
20161015
20161014
20161013
20161012
20161011
20161010
20161009
20161008
20161007
20161006
20161005
20161004
20161003
20161002
20161001
20160930
20160929
20160928
20160927
20160926
20160925
20160924
20160923
20160922
20160921
20160920
20160919
20160918
20160917
20160916
20160915
20160914
20160913
20160912
20160911
20160910
20160909
20160908
20160907
20160906
20160905
20160904
20160903
20160902
20160901
20160831
20160830
20160829
20160828
20160827
20160826
20160825
20160824
20160823
20160822
20160821
20160820
20160819
20160818
20160817
20160816
20160815
20160814
20160813
20160812
20160811
20160810
20160809
20160808
20160807
20160806
20160805
20160804
20160803
20160802
20160801
20160731
20160730
20160729
20160728
20160727
20160726
20160725
20160724
20160723
20160722
20160721
20160720
20160719
20160718
20160717
20160716
20160715
20160714
20160713
20160712
20160711
20160710
20160709
20160708
20160707
20160706
20160705
20160704
20160703
20160702
20160701
20160630
20160629
20160628
20160627
20160626
20160625
20160624
20160623
20160622
20160621
20160620
20160619
20160618
20160617
20160616
20160615
20160614
20160613
20160612
20160611
20160610
20160609
20160608
20160607
20160606
20160605
20160604
20160603
20160602
20160601
20160531
20160530
20160529
20160528
20160527
20160526
20160525
20160524
20160523
20160522
20160521
20160520
20160519
20160518
20160517
20160516
20160515
20160514
20160513
20160512
20160511
20160510
20160509
20160508
20160507
20160506
20160505
20160504
20160503
20160502
20160501
20160430
20160429
20160428
20160427
20160426
20160425
20160424
20160423
20160422
20160421
20160420
20160419
20160418
20160417
20160416
20160415
20160414
20160413
20160412
20160411
20160410
20160409
20160408
20160407
20160406
20160405
20160404
20160403
20160402
20160401
20160331
20160330
20160329
20160328
20160327
20160326
20160325
20160324
20160323
20160322
20160321
20160320
20160319
20160318
20160317
20160316
20160315
20160314
20160313
20160312
20160311
20160310
20160309
20160308
20160307
20160306
20160305
20160304
20160303
20160302
20160301
20160229
20160228
20160227
20160226
20160225
20160224
20160223
20160222
20160221
20160220
20160219
20160218
20160217
20160216
20160215
20160214
20160213
20160212
20160211
20160210
20160209
20160208
20160207
20160206
20160205
20160204
20160203
20160202
20160201
20160131
20160130
20160129
20160128
20160127
20160126
20160125
20160124
20160123
20160122
20160121
20160120
20160119
20160118
20160117
20160116
20160115
20160114
20160113
20160112
20160111
20160110
20160109
20160108
20160107
20160106
20160105
20160104
20160103
20160102
20160101
